1000,2300,2400,2800,2900,4800,4900,6100,6200,7800,7900,8000,8100,8600,8601,8900,15700,16100,
4800,4900,16100,
16100,16200,
1100,1700,1900,2300,2400,3300,3500,4800,7800,8200,8400,10200,10300,10900,13300,13400,13700,16100,16200,18300,18400,19500,19900,20000,21100,22200,22201,22202,
900,7500,7700,14400,19500,19800,
600,800,2300,2400,3700,3701,3702,3703,3704,3800,3801,4400,4600,5600,5700,6600,6700,7800,7801,7900,8600,8601,8700,8900,9500,9600,9700,10200,10300,10900,11000,11001,11002,11003,11100,11101,11600,15100,15700,15800,15900,18900,19100,19300,19400,19500,19501,19900,19901,20000,20001,20100,21500,21900,
300,500,1400,1500,1600,3300,10200,10300,11600,17800,17900,18000,19000,21600,21700,
600,2300,3700,3701,3800,3900,4800,5800,5900,6000,7500,8400,8600,9100,9500,10900,11000,11600,13900,14000,14100,15700,15800,15900,16000,16100,16300,16400,16500,16600,17900,19500,19600,19700,21800,
11500,11600,16100,16300,16400,16500,16600,
11500,11600,16100,16300,16400,
4800,5000,6600,6700,7500,7600,8400,8500,11600,16100,16300,16400,18200,19500,19600,
11600,16100,16300,16400,16700,
11600,16100,16300,16400,
11600,16100,16300,16400,16700,
11600,16100,16300,
10100,11600,16100,16800,
10100,11600,16100,16300,
4800,6600,6800,8600,11600,15100,16100,16300,
4800,7500,7600,8400,8500,11600,16100,16300,16400,20500,
4800,6600,6800,8600,11600,15100,16100,16800,20300,
10100,11600,16100,16300,
4800,6600,6800,6900,8600,11600,15100,16100,16300,16400,
4800,6600,6800,6900,7800,8600,11600,15100,16100,16300,16400,19100,19500,19900,20000,20400,
4800,5000,6600,6800,6900,7800,8600,9100,11600,11700,15100,16100,16300,16400,16500,19100,19500,19900,20000,20400,
9500,9600,9700,11600,16100,16300,
1400,1500,10100,11600,11700,21600,21700,
16100,
6600,16100,
6600,16100,
300,500,2300,2301,2800,3300,3600,4800,5100,6100,6600,7800,7900,8000,8100,8300,8600,9200,9300,9400,10200,10300,10500,10700,11900,13900,14000,14100,14500,14900,15000,16000,16100,17000,17300,19000,19100,19500,19900,20000,20100,20200,21500,
600,900,3700,5800,5900,7300,7301,7400,7500,7501,7700,9500,9600,9700,17900,18900,19000,19500,19501,19600,19700,19800,21900,
1000,1100,1200,2300,2400,6100,6200,7500,10900,
1400,1500,1600,6100,6300,7800,7900,8000,11600,19500,19900,20000,20100,20200,20400,
300,600,700,900,1300,1700,2800,2801,2802,2803,2804,2900,3000,3300,3400,3500,3700,3900,4200,4400,4401,4402,4403,4404,4500,4501,4502,4503,4600,4800,5100,5200,6100,6101,6400,6401,7500,8400,8401,8402,8403,8404,8600,8601,8602,8700,8701,8800,8801,9200,10500,10501,10502,10503,10600,10601,10602,10700,10800,11200,11300,11400,12900,13000,13100,13900,14900,14901,15000,15300,16100,16900,17500,17600,19500,19600,20800,21200,
900,4000,7000,7500,11800,12500,13800,15200,19300,20500,20800,21600,22000,22100,22101,
1100,1200,2300,2400,6100,6200,10400,10900,10901,21200,
0,100,300,400,900,1800,2200,2500,2600,2800,3300,4200,4300,4800,5100,5200,5300,5400,5500,5800,6100,6101,6300,6500,7500,8300,8400,8401,11200,11300,11400,12900,13000,13100,13200,13500,13600,14200,15200,15300,15400,15500,16100,16900,17500,17501,17700,17900,18000,18700,18800,20800,20801,20900,21300,21800,
300,400,900,1400,1900,2000,2001,2100,2200,2201,3100,3200,3300,3600,4200,4201,4300,5300,6600,6601,7000,7200,7500,7700,8400,8600,8601,8602,9400,9800,9801,10500,10700,10800,11200,11300,12000,12100,12101,12200,12300,12400,12500,12600,12900,13300,13500,13600,14600,14601,14700,14701,14800,14801,15100,15300,15400,15600,17000,17100,17200,17201,17500,17501,18100,18101,18500,18700,18800,20800,20900,21200,21300,21600,
900,1400,1800,1801,2000,2001,2100,2200,2500,2600,3300,3400,4000,6100,6500,6600,6601,7000,7001,7100,7101,7200,7300,7400,7500,8400,8401,8402,8403,9400,10900,12000,12100,12300,12500,12600,12700,13100,13200,13500,14500,15700,15800,17100,17400,17500,17600,17700,18700,19200,20800,20801,20802,20900,20901,21100,21101,21300,21600,
0,100,600,800,900,1400,2800,3700,3800,4700,5600,5601,5602,5603,5700,5800,5900,6000,6600,7500,7700,8400,8401,8600,8601,8602,8603,8604,8605,8606,9000,9500,9600,9900,10000,12500,12600,12700,13800,13900,14000,14300,14301,14302,14303,16000,16001,17300,17900,19100,19300,19400,21400,21600,22000,
0,600,700,2700,2701,3100,3101,3200,3700,5300,5400,7800,8200,8600,9300,9400,11900,12100,12200,12400,13100,13300,13400,14700,15700,16100,16900,17400,17500,17600,18200,18300,18301,18500,19200,20800,21100,21300,21400,
2800,2900,4800,5100,5200,5500,7800,8600,9900,10000,13700,14200,15300,15400,15500,16100,16900,18400,18600,19500,19900,20000,20400,
2800,2900,3000,4700,7800,8600,8601,9000,10500,10600,11800,14400,15600,16000,17800,18300,18600,
