800,4000,4001,4100,4300,4500,4700,6300,
800,4000,4001,4100,4300,4500,4700,6300,
4000,4300,4500,4700,
4000,4300,4500,4700,
800,4000,4001,4100,4300,4500,4700,6100,
800,4000,4001,4100,4300,4500,4700,6100,
4000,4300,4500,4700,
4000,4300,4500,4700,
800,4000,4001,4100,4300,4500,4700,7000,
800,4000,4001,4100,4300,4500,4700,7000,
4000,4300,4500,4700,
4000,4300,4500,4700,

200,300,900,901,1200,1201,1500,1501,1600,1700,1800,1900,2500,3600,5500,5501,5700,5701,10100,10300,10400,10500,11400,
100,101,400,401,500,501,502,503,1100,1101,3500,3700,3800,4000,4001,4002,4003,4004,4005,4006,4007,4200,4300,4301,4302,4303,4304,4305,4306,4400,4401,4402,4403,4404,4405,4500,4600,9300,9301,
4000,4001,4002,4003,4004,4005,4006,4300,4301,4302,4303,4304,4305,4306,4400,4401,4402,4403,4404,4405,4500,4600,
4000,4300,4500,4600,6400,6600,6800,
4000,4300,4500,4600,6400,6600,6800,
1100,1101,3500,3700,3800,4000,4001,4200,4300,4500,4600,5800,5801,5900,6000,6400,6600,6800,
1100,1101,3500,3700,3800,4000,4001,4200,4300,4500,4600,5800,5801,5900,6000,6400,6600,6800,
4000,4300,4500,4600,
4000,4300,4500,4600,
1100,1101,3500,3700,3800,4000,4001,4200,4300,4500,4600,8100,8101,8200,8300,
1100,1101,3500,3700,3800,4000,4001,4200,4300,4500,4600,8100,8101,8200,8300,
4000,4300,4500,4600,
4000,4300,4500,4600,
1100,1101,3500,3700,3800,4000,4001,4200,4300,4500,4600,9700,9701,9800,9900,
1100,1101,3500,3700,3800,4000,4001,4200,4300,4500,4600,9700,9701,9800,9900,
4000,4300,4500,4600,
4000,4300,4500,4600,
1100,1101,3500,3700,3800,4000,4001,4200,4300,4500,4600,7500,7501,7600,7700,
1100,1101,3500,3700,3800,4000,4001,4200,4300,4500,4600,7500,7501,7600,7700,
4000,4300,4500,4600,
4000,4300,4500,4600,
1100,1101,3500,3700,3800,4000,4001,4200,4300,4500,4600,5200,5201,5300,5400,
1100,1101,3500,3700,3800,4000,4001,4200,4300,4500,4600,5200,5201,5300,5400,
4000,4300,4500,4600,
4000,4300,4500,4600,
1100,1101,3500,3700,3800,4000,4001,4200,4300,4500,4600,8700,8701,8800,8900,
1100,1101,3500,3700,3800,4000,4001,4200,4300,4500,4600,8700,8701,8800,8900,
200,300,900,901,1200,1201,1500,1501,1600,1700,1800,1900,2200,3600,7800,7801,8000,8001,10100,10300,10400,10500,11400,
200,300,900,901,1200,1201,1500,1501,1600,1700,1800,1900,2400,3600,9400,9401,9600,9601,10100,10300,10400,10500,11400,
1200,1201,1300,1400,3700,3900,4800,4801,4802,4803,4804,4805,9000,9001,9100,9101,
4800,4801,4802,4803,4804,4805,
0,1200,1201,1300,1400,3700,3900,5500,5501,5600,5601,6700,
0,6700,
1200,1201,1300,1400,3700,3900,7800,7801,7900,7901,

1200,1201,1300,1400,3700,3900,9400,9401,9500,9501,

1200,1201,1300,1400,3700,3900,7200,7201,7300,7301,

1200,1201,1300,1400,3700,3900,4900,4901,5000,5001,

1200,1201,1300,1400,3700,3900,8400,8401,8500,8501,

200,300,900,901,1200,1201,1500,1501,1600,1700,1800,1900,2100,3600,7200,7201,7400,7401,10100,10300,10400,10500,11400,

200,300,900,901,1200,1201,1500,1501,1600,1700,1800,1900,2000,3600,4900,4901,5100,5101,10100,10300,10400,10500,11400,
11200,11201,

200,300,900,901,1200,1201,1500,1501,1600,1700,1800,1900,2300,3600,8400,8401,8600,8601,10100,10300,10400,10500,11400,

600,601,602,603,604,605,700,701,702,703,704,705,2800,2801,2900,2901,3000,3001,
11300,11301,11500,11501,


200,300,900,901,1200,1201,1500,1501,1600,1700,1800,1900,2000,2100,2200,2300,2400,2500,3600,9000,9001,9200,9201,10100,10300,10400,10500,11400,
800,4000,4001,4100,4300,4500,4700,6200,6400,6500,6800,
800,4000,4001,4100,4300,4500,4700,6200,6400,6500,6800,
4000,4300,4500,4700,6400,6500,6800,
4000,4300,4500,4700,6400,6500,6800,
800,4000,4001,4100,4300,4500,4700,6900,
800,4000,4001,4100,4300,4500,4700,6900,
4000,4300,4500,4700,
4000,4300,4500,4700,
800,4000,4001,4100,4300,4500,4700,7100,
800,4000,4001,4100,4300,4500,4700,7100,
4000,4300,4500,4700,
4000,4300,4500,4700,





1000,1001,3300,3301,10000,10001,10200,10201,




2600,10600,10601,
10600,10601,


3400,











3400,




2600,10600,10601,
3200,








3200,10800,10801,
2700,3100,10700,10900,11000,11001,11100,
2700,3100,10700,10900,11000,11001,11100,








