0.75
0.555556
0.625
0.666667
0.913043
0.818182
0.666667
0.777778
0.8
0.6
0.8
1
0.666667
1
1
0.777778
0.714286
1
1
1
1
1
1
1
1
0.666667
1
1
1
1
1
1
1
1
0.928571
1
0.8
0.8
1
1
0.888889
1
1
1
0.666667
0.75
0.777778
1
1
0.857143
0.875
0.714286
0.75
1
1
1
1
1
0.666667
0.777778
0.666667
1
0.888889
0.875
1
0.571429
1
1
0.833333
0.866667
1
1
0.571429
1
1
0.6
0.777778
0.714286
0.666667
0.714286
0.8
0.818182
0.8
1
1
0.857143
1
0.75
0.8
1
1
0.8
0.777778
1
1
1
1
1
1
0.6
1
1
1
1
1
0.666667
0.714286
0.714286
0.818182
1
1
1
1
1
1
0.833333
0.6
0.666667
1
1
0.666667
0.8
1
0.571429
1
1
0.818182
0.6
0.666667
0.777778
0.818182
1
1
0.8
0.666667
1
1
1
1
1
1
0.833333
0.777778
1
1
0.8
0.944444
1
1
1
0.714286
1
1
1
1
1
0.666667
1
1
1
1
1
0.636364
0.666667
0.777778
0.75
0.846154
0.789474
0.833333
0.714286
1
0.666667
1
0.818182
1
1
1
1
1
0.6
0.75
1
1
1
1
0.8
1
0.666667
0.727273
1
1
0.714286
1
1
1
0.6
0.666667
0.625
0.818182
0.666667
0.714286
0.75
0.818182
1
0.75
0.714286
1
1
1
1
0.8
0.6
1
1
1
0.777778
1
0.8
1
0.8
1
1
1
