










34,







14,
88,

88,

87,

34,





58,

14,






34,









14,






34,

















87,

33,



58,







33,

















52,

52,

























62,


62,







9,




























































































79,










79,































































4,

53,142,

4,

53,142,


































































61,


5,

























61,

6,












5,























38,59,


59,60,


59,





90,







81,







38,59,60,


59,





90,







81,























6,





































77,










77,






































75,










75,



































































1,62,84,

41,55,
1,62,84,








9,





















66,



66,67,


51,


12,


13,91,

18,19,20,

12,100,


13,91,92,

18,19,

12,


13,91,

18,19,

12,


13,91,

18,19,20,

11,100,


8,91,92,

18,19,

11,


8,91,

18,36,













51,


32,

26,27,28,



26,27,

77,78,

26,27,

75,76,

26,27,28,



26,27,

79,80,

26,36,











44,46,













44,45,












96,
66,

22,102,

66,67,


44,46,












96,
66,

102,

66,67,


44,45,




































98,
66,

21,94,

66,67,69,













98,
66,

94,

66,67,68,





































99,
66,

21,93,

66,67,69,














66,



66,67,68,





































97,
66,

22,103,

66,67,69,













97,
66,

103,

66,67,68,





































95,
66,

22,101,

66,67,69,













95,
66,

101,

66,67,68,





































99,
66,

22,93,

66,67,69,














66,



66,67,68,









3,62,86,

49,57,
3,62,86,







9,10,





62,


62,







9,10,









62,




62,63,







23,24,25,




23,24,




23,24,




23,24,25,




23,24,




23,37,










70,



32,

29,30,31,


29,30,
77,78,

29,30,
75,76,

29,30,31,


29,30,
79,80,

29,37,









41,42,
62,



41,42,55,
62,63,64,

43,












70,71,

43,











49,50,
62,



49,50,57,
62,63,64,65,












70,71,












62,




62,63,64,65,












70,71,











47,48,
62,



47,48,56,
62,63,64,65,












70,71,











39,40,
62,



39,40,54,
62,63,64,65,












70,71,












62,




62,63,64,65,












70,71,








2,62,85,

47,56,
2,62,85,







9,10,






0,62,83,

39,54,
0,62,83,







9,10,



35,
35,







62,


62,







9,10,















