8,40,40,41,43,45,47,63,
8,40,40,41,43,45,47,63,
40,43,45,47,
40,43,45,47,
8,40,40,41,43,45,47,61,
8,40,40,41,43,45,47,61,
40,43,45,47,
40,43,45,47,
8,40,40,41,43,45,47,70,
8,40,40,41,43,45,47,70,
40,43,45,47,
40,43,45,47,

2,3,9,9,12,12,15,15,16,17,18,19,25,36,55,55,57,57,101,103,104,105,114,
1,1,4,4,5,5,5,5,11,11,35,37,38,40,40,40,40,40,40,40,40,42,43,43,43,43,43,43,43,44,44,44,44,44,44,45,46,93,93,
40,40,40,40,40,40,40,43,43,43,43,43,43,43,44,44,44,44,44,44,45,46,
40,43,45,46,64,66,68,
40,43,45,46,64,66,68,
11,11,35,37,38,40,40,42,43,45,46,58,58,59,60,64,66,68,
11,11,35,37,38,40,40,42,43,45,46,58,58,59,60,64,66,68,
40,43,45,46,
40,43,45,46,
11,11,35,37,38,40,40,42,43,45,46,81,81,82,83,
11,11,35,37,38,40,40,42,43,45,46,81,81,82,83,
40,43,45,46,
40,43,45,46,
11,11,35,37,38,40,40,42,43,45,46,97,97,98,99,
11,11,35,37,38,40,40,42,43,45,46,97,97,98,99,
40,43,45,46,
40,43,45,46,
11,11,35,37,38,40,40,42,43,45,46,75,75,76,77,
11,11,35,37,38,40,40,42,43,45,46,75,75,76,77,
40,43,45,46,
40,43,45,46,
11,11,35,37,38,40,40,42,43,45,46,52,52,53,54,
11,11,35,37,38,40,40,42,43,45,46,52,52,53,54,
40,43,45,46,
40,43,45,46,
11,11,35,37,38,40,40,42,43,45,46,87,87,88,89,
11,11,35,37,38,40,40,42,43,45,46,87,87,88,89,
2,3,9,9,12,12,15,15,16,17,18,19,22,36,78,78,80,80,101,103,104,105,114,
2,3,9,9,12,12,15,15,16,17,18,19,24,36,94,94,96,96,101,103,104,105,114,
12,12,13,14,37,39,48,48,48,48,48,48,90,90,91,91,
48,48,48,48,48,48,
0,12,12,13,14,37,39,55,55,56,56,67,
0,67,
12,12,13,14,37,39,78,78,79,79,

12,12,13,14,37,39,94,94,95,95,

12,12,13,14,37,39,72,72,73,73,

12,12,13,14,37,39,49,49,50,50,

12,12,13,14,37,39,84,84,85,85,

2,3,9,9,12,12,15,15,16,17,18,19,21,36,72,72,74,74,101,103,104,105,114,

2,3,9,9,12,12,15,15,16,17,18,19,20,36,49,49,51,51,101,103,104,105,114,
112,112,

2,3,9,9,12,12,15,15,16,17,18,19,23,36,84,84,86,86,101,103,104,105,114,

6,6,6,6,6,6,7,7,7,7,7,7,28,28,29,29,30,30,
113,113,115,115,


2,3,9,9,12,12,15,15,16,17,18,19,20,21,22,23,24,25,36,90,90,92,92,101,103,104,105,114,
8,40,40,41,43,45,47,62,64,65,68,
8,40,40,41,43,45,47,62,64,65,68,
40,43,45,47,64,65,68,
40,43,45,47,64,65,68,
8,40,40,41,43,45,47,69,
8,40,40,41,43,45,47,69,
40,43,45,47,
40,43,45,47,
8,40,40,41,43,45,47,71,
8,40,40,41,43,45,47,71,
40,43,45,47,
40,43,45,47,





10,10,33,33,100,100,102,102,




26,106,106,
106,106,


34,











34,




26,106,106,
32,








32,108,108,
27,31,107,109,110,110,111,
27,31,107,109,110,110,111,








