0 6700 (2)
4402 4302 4303 4305 4306 4304 4404 4301 4405 4403 4401 4400 4300 4000 4500 4001 4600 4006 4005 4004 4003 4002 (2)
5801 5900 6000 6600 6400 6800 3800 4200 5800 1101 1100 3700 4600 4001 4500 4000 4300 3500 (2)
7200 1200 1201 7201 (2)
11100 10700 3100 2700 11001 11000 10900 (2)
2600 10601 10600 (2)
7600 7501 7500 3800 4200 1101 3500 1100 3700 4600 4001 4500 4000 4300 7700 (2)
5201 5400 5300 3800 4200 1101 3500 1100 3700 4600 4001 4500 4000 4300 5200 (2)
8200 8101 8300 3800 4200 1101 3500 1100 3700 4600 4001 4500 4000 4300 8100 (2)
9001 1200 1201 9000 (2)
6200 6400 6800 4100 800 4700 4001 4500 4000 4300 6500 (2)
4900 1200 1201 4901 (2)
6900 4300 4000 4500 4001 4700 800 4100 (2)
2500 901 900 10500 3600 1900 10300 1500 200 1800 1700 1600 10100 10400 300 11400 1201 1200 1501 (2)
4800 4801 4802 4803 4804 4805 (2)
2000 901 900 10500 3600 1900 10300 1500 200 1800 1700 1600 10100 10400 300 11400 1201 1200 1501 (2)
6300 4300 4000 4500 4001 4700 800 4100 (2)
3400 (2)
2400 901 900 10500 3600 1900 10300 1500 200 1800 1700 1600 10100 10400 300 11400 1201 1200 1501 (2)
9700 9900 9701 3800 4200 1101 3500 1100 3700 4600 4001 4500 4000 4300 9800 (2)
9401 1200 1201 9400 (2)
7801 1200 1201 7800 (2)
8400 1200 1201 8401 (2)
8800 8700 8900 3800 4200 1101 3500 1100 3700 4600 4001 4500 4000 4300 8701 (2)
3200 (2)
7100 4300 4000 4500 4001 4700 800 4100 (2)
2200 901 900 10500 3600 1900 10300 1500 200 1800 1700 1600 10100 10400 300 11400 1201 1200 1501 (2)
5500 1200 1201 5501 (2)
2100 901 900 10500 3600 1900 10300 1500 200 1800 1700 1600 10100 10400 300 11400 1201 1200 1501 (2)
2300 901 900 10500 3600 1900 10300 1500 200 1800 1700 1600 10100 10400 300 11400 1201 1200 1501 (2)
7000 4300 4000 4500 4001 4700 800 4100 (2)
6100 4300 4000 4500 4001 4700 800 4100 (2)
10600 10601 (3)
6600 4300 4000 4500 6800 4600 6400 (4)
6500 4300 4000 4500 4700 6800 6400 (4)
1501 900 10500 3600 1900 10300 1500 200 901 1800 1600 10100 10400 300 11400 1201 1200 1700 (7)
1400 3700 1200 1201 3900 1300 (7)
6400 4001 6800 4300 4000 4500 (4)
6400 6800 4300 4000 4500 (8)
4100 4300 4000 4500 4001 4700 800 (12)
3800 1101 3500 1100 3700 4600 4001 4500 4000 4300 4200 (13)
1201 1200 (14)
3700 (20)
4700 4300 4000 4500 (24)
4600 4300 4000 4500 (26)
4600 4300 4000 4500 4001 (14)
4001 4300 4000 4500 (26)
