0;2
153,154,
72;304,91.018
73;304,91.018

1;2
21,22,
53;47,18.1467
123;47,51.6483

2;2
46,70,81,81,
96;89,12.1088
106;80,7.79727

3;2
88,88,89,121,127,128,160,161,
74;995,91.3682
75;995,91.7051

4;2
1,
45;30,44.7761
122;30,7.22892

5;2
153,158,
76;304,91.018
77;304,91.018

6;2
57,74,81,81,
98;89,12.1088
124;80,7.79727

7;2
88,88,89,119,124,160,164,
62;993,90.8509
63;993,91.5207

8;2
55,73,81,81,
80;80,7.79727
90;89,12.1088

9;2
145,148,
23;537,98.895
24;537,98.895

10;2
44,68,
54;212,5.56284
55;212,11.8834

11;2
102,135,138,
25;278,97.8873
26;278,97.8873

12;2
153,159,
64;304,91.018
65;304,91.018

13;2
21,117,152,170,
53;166,64.0927
125;166,61.0294

14;2
50,88,88,89,122,127,129,160,162,
58;1225,92.8734
59;1225,93.1559

15;2
60,75,81,81,
10;80,5.75126
86;89,4.58999

16;2
104,135,139,
17;278,97.8873
18;278,97.8873

17;2
10,12,13,20,81,81,84,84,85,86,87,95,96,97,98,113,
10;811,58.3034
124;811,79.0448

18;2
36,37,59,100,101,102,103,104,105,106,107,108,109,
55;417,23.3744
87;401,39.5854

19;2
153,157,
60;304,91.018
61;304,91.018

20;2
145,146,
27;537,98.895
28;537,98.895

21;2
145,151,
19;537,98.895
20;537,98.895

22;2
10,12,13,20,81,81,84,84,85,86,87,95,96,97,98,114,
10;811,58.3034
84;811,79.0448

23;2
77,78,99,118,
43;672,63.9391
44;672,49.8147

24;2
10,12,13,20,81,81,84,84,85,86,87,95,96,97,98,110,
10;811,58.3034
106;811,79.0448

25;2
10,12,13,20,81,81,84,84,85,86,87,95,97,115,
10;692,49.7484
41;690,49.8915

26;2
45,67,
86;110,5.67303
87;110,10.8588

27;2
50,153,155,
56;534,94.6809
57;534,94.6809

28;2
144,
107;50,87.7193
127;50,87.7193

29;2
88,88,89,125,127,131,160,165,
78;995,91.3682
79;995,91.7051

30;2
25,88,88,89,91,160,
62;675,61.7566
66;675,61.7566

31;2
143,
101;44,86.2745
130;44,86.2745

32;2
88,88,89,123,127,130,160,163,
70;995,91.3682
71;995,91.7051

33;2
53,72,81,81,
94;89,12.1088
103;80,7.79727

34;2
88,88,89,120,126,160,166,
66;993,90.8509
67;993,91.5207

35;2
108,135,141,
21;278,97.8873
22;278,97.8873

36;2
50,52,
56;258,45.7447
58;258,19.5603

37;2
10,12,13,20,81,81,84,84,85,86,87,95,96,97,98,111,
10;811,58.3034
103;811,79.0448

38;2
48,71,81,81,
41;80,5.78453
88;89,10.446

39;2
153,156,
68;304,91.018
69;304,91.018

40;2
100,135,136,
29;278,97.8873
30;278,97.8873

41;2
63,76,81,81,
84;80,7.79727
92;89,12.1088

42;2
10,12,13,20,81,81,84,84,85,86,87,95,96,97,98,112,
10;811,58.3034
80;811,79.0448

43;2
79,
0;31,5.99613
3;31,10.4027

44;2
145,147,
11;771,99.2278
12;771,99.2278

45;2
133,
85;36,73.4694
118;36,73.4694

46;2
43,
88;135,15.8451
89;135,31.3225

47;2
145,149,
15;537,98.895
16;537,98.895

48;2
134,
36;45,55.5556
51;45,58.4416

49;2
50,51,
57;258,45.7447
59;258,19.6198

50;2
106,135,140,
33;278,97.8873
34;278,97.8873

51;2
145,150,
31;537,98.895
32;537,98.895

52;2
135,137,
13;512,98.8417
14;512,98.8417

53;2
0,
0;33,6.38298
42;33,1.94805

54;3
21,
53;40,15.444
123;40,43.956
125;40,14.7059

55;3
170,
53;58,22.3938
81;58,13.3949
125;58,21.3235

56;4
102,
25;48,16.9014
26;48,16.9014
55;48,2.69058
87;48,4.7384

57;4
50,
56;246,43.617
57;246,43.617
58;246,18.6505
59;246,18.7072

58;4
108,
21;48,16.9014
22;48,16.9014
55;48,2.69058
87;48,4.7384

59;4
100,
29;48,16.9014
30;48,16.9014
55;48,2.69058
87;48,4.7384

60;4
26,88,88,89,127,160,
58;650,49.2798
70;650,59.6878
74;650,59.6878
78;650,59.6878

61;3
26,88,88,89,91,127,160,
70;674,61.8916
74;674,61.8916
78;674,61.8916

62;4
106,
33;48,16.9014
34;48,16.9014
55;48,2.69058
87;48,4.7384

63;4
104,
17;48,16.9014
18;48,16.9014
55;48,2.69058
87;48,4.7384

64;5
27,88,88,89,90,127,160,
63;673,62.0276
67;673,62.0276
71;673,62.0276
75;673,62.0276
79;673,62.0276

65;5
10,12,13,14,20,81,81,84,84,85,86,87,94,95,96,97,98,
80;874,85.1852
84;874,85.1852
103;874,85.1852
106;874,85.1852
124;874,85.1852

66;5
88,88,89,91,160,
62;414,37.8774
66;414,37.8774
70;414,38.0165
74;414,38.0165
78;414,38.0165

67;5
81,81,82,83,
90;329,44.7619
92;329,44.7619
94;329,44.7619
96;329,44.7619
98;329,44.7619

68;6
10,12,13,20,81,81,84,84,85,86,87,95,96,97,98,
10;765,54.9964
80;765,74.5614
84;765,74.5614
103;765,74.5614
106;765,74.5614
124;765,74.5614

69;6
10,12,13,20,81,81,84,84,85,86,87,94,95,97,
41;752,54.3745
80;754,73.4893
84;754,73.4893
103;754,73.4893
106;754,73.4893
124;754,73.4893

70;7
10,12,13,20,81,81,84,84,85,86,87,95,97,
10;653,46.9446
41;651,47.0716
80;653,63.6452
84;653,63.6452
103;653,63.6452
106;653,63.6452
124;653,63.6452

71;7
80,92,93,142,
87;254,25.074
89;254,58.9327
91;254,80.8917
93;254,80.8917
95;254,80.8917
97;254,80.8917
99;254,80.8917

72;7
27,88,88,89,127,160,
54;649,17.0297
59;649,49.3536
63;649,59.8157
67;649,59.8157
71;649,59.8157
75;649,59.8157
79;649,59.8157

73;7
81,81,82,
86;315,16.2455
88;315,36.9718
90;315,42.8571
92;315,42.8571
94;315,42.8571
96;315,42.8571
98;315,42.8571

74;11
88,88,89,127,160,
54;636,16.6885
58;636,48.2183
59;636,48.365
63;636,58.6175
67;636,58.6175
70;636,58.4022
71;636,58.6175
74;636,58.4022
75;636,58.6175
78;636,58.4022
79;636,58.6175

75;12
135,
13;192,37.0656
14;192,37.0656
17;192,67.6056
18;192,67.6056
21;192,67.6056
22;192,67.6056
25;192,67.6056
26;192,67.6056
29;192,67.6056
30;192,67.6056
33;192,67.6056
34;192,67.6056

76;12
145,
11;292,37.5804
12;292,37.5804
15;292,53.7753
16;292,53.7753
19;292,53.7753
20;292,53.7753
23;292,53.7753
24;292,53.7753
27;292,53.7753
28;292,53.7753
31;292,53.7753
32;292,53.7753

77;12
153,
56;178,31.5603
57;178,31.5603
60;178,53.2934
61;178,53.2934
64;178,53.2934
65;178,53.2934
68;178,53.2934
69;178,53.2934
72;178,53.2934
73;178,53.2934
76;178,53.2934
77;178,53.2934

78;13
88,88,89,160,
54;390,10.2335
58;390,29.5679
59;390,29.6578
62;390,35.6816
63;390,35.9447
66;390,35.6816
67;390,35.9447
70;390,35.8127
71;390,35.9447
74;390,35.8127
75;390,35.9447
78;390,35.8127
79;390,35.9447

79;14
81,81,
10;68,4.88857
41;68,4.91685
80;68,6.62768
84;68,6.62768
86;68,3.50696
88;68,7.98122
90;68,9.2517
92;68,9.2517
94;68,9.2517
96;68,9.2517
98;68,9.2517
103;68,6.62768
106;68,6.62768
124;68,6.62768

