39;2
15,89,127,
27;152,66.3755
48;152,62.5514

17;2
38,59,59,60,81,90,
59;685,68.2271
60;651,50.2703

14;2
66,66,67,94,98,135,141,
91;976,90.9599
92;976,91.6432

13;2
66,66,67,69,93,99,135,136,
95;988,92.5961
107;988,92.9445

43;2
66,66,67,68,135,137,
96;1042,98.3947
108;1042,98.3947

25;2
9,10,62,62,126,
110;960,99.4819
130;960,99.4819

48;3
70,113,114,
112;281,28.8501
118;281,94.2953
124;281,94.2953

49;3
62,62,63,116,
111;694,36.9936
117;694,97.609
123;694,97.609

57;4
22,66,66,67,135,
87;643,49.5759
99;643,60.1497
103;643,60.1497
107;643,60.4892

70;12
120,
5;286,37.5821
6;286,37.5821
9;286,54.0643
10;286,54.0643
13;286,54.4762
14;286,54.4762
69;286,54.0643
70;286,54.0643
73;286,54.0643
74;286,54.0643
77;286,54.4762
78;286,54.4762

69;12
128,
85;174,31.6364
86;174,31.6364
89;174,54.0373
90;174,54.0373
93;174,54.5455
94;174,54.5455
97;174,54.0373
98;174,54.0373
101;174,54.0373
102;174,54.0373
105;174,54.5455
106;174,54.5455

68;12
107,
7;188,37.1542
8;188,37.1542
11;188,68.6131
12;188,68.6131
15;188,69.1176
16;188,69.1176
71;188,68.6131
72;188,68.6131
75;188,68.6131
76;188,68.6131
79;188,69.1176
80;188,69.1176

