





(2)18,18,18,19,38,38,38,39,40,40,116,(3)18,18,19,38,38,40,(4)18,38,40,(6)18,38,
(2)66,


(2)7,81,84,




























(2)9,69,132,167,

(2)3,20,81,84,












(2)11,15,16,16,17,17,23,23,23,24,24,28,28,28,41,41,41,62,88,(3)16,17,23,23,24,28,28,41,41,(4)16,17,23,24,28,41,(5)23,24,28,41,(6)23,28,41,
(2)32,32,32,33,33,(3)32,32,33,(5)32,33,(6)32,


(2)88,
(2)88,


(2)88,
(2)88,


(2)88,
(2)88,


(2)88,
(2)88,


(2)88,
(2)88,


(2)88,
(2)88,
(2)5,81,84,
(2)169,


(2)8,81,84,

(2)29,29,29,30,30,30,31,31,42,42,42,60,61,81,(3)29,29,30,30,31,42,42,(5)29,30,31,42,(6)29,30,42,
(2)34,34,34,35,35,(3)34,34,35,(5)34,35,(6)34,
(2)48,49,81,

(2)55,56,81,

(2)63,64,81,

(2)53,54,81,

(2)46,47,81,

(2)57,58,81,




(2)4,81,84,


(2)2,81,84,

(2)65,






(2)168,








(2)6,81,84,







