0,0,ByteBufferAsIntBufferB( ),24,39,61
1,0,ByteBufferAsIntBufferB( ),41,52,41
2,0,slice( ),54,62,79
3,0,duplicate( ),64,71,32
4,0,asReadOnlyBuffer( ),73,84,32
5,0,ix( ),88,90,18
6,0,get( ),92,94,20
7,0,get( ),96,98,23
8,0,put( ),102,109,26
9,0,put( ),111,118,30
10,0,compact( ),120,139,99
11,0,isDirect( ),141,143,12
12,0,isReadOnly( ),145,147,10
13,0,order( ),189,196,10
14,1,ByteBufferAsIntBufferL( ),24,39,61
15,1,ByteBufferAsIntBufferL( ),41,52,41
16,1,slice( ),54,62,79
17,1,duplicate( ),64,71,32
18,1,asReadOnlyBuffer( ),73,84,32
19,1,ix( ),88,90,18
20,1,get( ),92,94,20
21,1,get( ),96,98,23
22,1,put( ),102,109,26
23,1,put( ),111,118,30
24,1,compact( ),120,139,99
25,1,isDirect( ),141,143,12
26,1,isReadOnly( ),145,147,10
27,1,order( ),189,196,10
28,2,ByteBufferAsIntBufferRB( ),24,39,12
29,2,ByteBufferAsIntBufferRB( ),41,52,37
30,2,slice( ),54,62,79
31,2,duplicate( ),64,71,32
32,2,asReadOnlyBuffer( ),73,84,12
33,2,put( ),102,109,15
34,2,put( ),111,118,18
35,2,compact( ),120,139,13
36,2,isDirect( ),141,143,12
37,2,isReadOnly( ),145,147,10
38,2,order( ),189,196,10
39,3,ByteBufferAsIntBufferRL( ),24,39,12
40,3,ByteBufferAsIntBufferRL( ),41,52,37
41,3,slice( ),54,62,79
42,3,duplicate( ),64,71,32
43,3,asReadOnlyBuffer( ),73,84,12
44,3,put( ),102,109,15
45,3,put( ),111,118,18
46,3,compact( ),120,139,13
47,3,isDirect( ),141,143,12
48,3,isReadOnly( ),145,147,10
49,3,order( ),189,196,10
50,4,ByteBufferAsLongBufferB( ),24,39,61
51,4,ByteBufferAsLongBufferB( ),41,52,41
52,4,slice( ),54,62,79
53,4,duplicate( ),64,71,32
54,4,asReadOnlyBuffer( ),73,84,32
55,4,ix( ),88,90,18
56,4,get( ),92,94,20
57,4,get( ),96,98,23
58,4,put( ),102,109,26
59,4,put( ),111,118,30
60,4,compact( ),120,139,99
61,4,isDirect( ),141,143,12
62,4,isReadOnly( ),145,147,10
63,4,order( ),189,196,10
64,5,ByteBufferAsLongBufferL( ),24,39,61
65,5,ByteBufferAsLongBufferL( ),41,52,41
66,5,slice( ),54,62,79
67,5,duplicate( ),64,71,32
68,5,asReadOnlyBuffer( ),73,84,32
69,5,ix( ),88,90,18
70,5,get( ),92,94,20
71,5,get( ),96,98,23
72,5,put( ),102,109,26
73,5,put( ),111,118,30
74,5,compact( ),120,139,99
75,5,isDirect( ),141,143,12
76,5,isReadOnly( ),145,147,10
77,5,order( ),189,196,10
78,6,ByteBufferAsLongBufferRB( ),24,39,12
79,6,ByteBufferAsLongBufferRB( ),41,52,37
80,6,slice( ),54,62,79
81,6,duplicate( ),64,71,32
82,6,asReadOnlyBuffer( ),73,84,12
83,6,put( ),102,109,15
84,6,put( ),111,118,18
85,6,compact( ),120,139,13
86,6,isDirect( ),141,143,12
87,6,isReadOnly( ),145,147,10
88,6,order( ),189,196,10
89,7,ByteBufferAsLongBufferRL( ),24,39,12
90,7,ByteBufferAsLongBufferRL( ),41,52,37
91,7,slice( ),54,62,79
92,7,duplicate( ),64,71,32
93,7,asReadOnlyBuffer( ),73,84,12
94,7,put( ),102,109,15
95,7,put( ),111,118,18
96,7,compact( ),120,139,13
97,7,isDirect( ),141,143,12
98,7,isReadOnly( ),145,147,10
99,7,order( ),189,196,10
100,8,ByteBufferAsShortBufferB( ),24,39,61
101,8,ByteBufferAsShortBufferB( ),41,52,41
102,8,slice( ),54,62,79
103,8,duplicate( ),64,71,32
104,8,asReadOnlyBuffer( ),73,84,32
105,8,ix( ),88,90,18
106,8,get( ),92,94,20
107,8,get( ),96,98,23
108,8,put( ),102,109,26
109,8,put( ),111,118,30
110,8,compact( ),120,139,99
111,8,isDirect( ),141,143,12
112,8,isReadOnly( ),145,147,10
113,8,order( ),189,196,10
114,9,ByteBufferAsShortBufferL( ),24,39,61
115,9,ByteBufferAsShortBufferL( ),41,52,41
116,9,slice( ),54,62,79
117,9,duplicate( ),64,71,32
118,9,asReadOnlyBuffer( ),73,84,32
119,9,ix( ),88,90,18
120,9,get( ),92,94,20
121,9,get( ),96,98,23
122,9,put( ),102,109,26
123,9,put( ),111,118,30
124,9,compact( ),120,139,99
125,9,isDirect( ),141,143,12
126,9,isReadOnly( ),145,147,10
127,9,order( ),189,196,10
128,10,ByteBufferAsShortBufferRB( ),24,39,12
129,10,ByteBufferAsShortBufferRB( ),41,52,37
130,10,slice( ),54,62,79
131,10,duplicate( ),64,71,32
132,10,asReadOnlyBuffer( ),73,84,12
133,10,put( ),102,109,15
134,10,put( ),111,118,18
135,10,compact( ),120,139,13
136,10,isDirect( ),141,143,12
137,10,isReadOnly( ),145,147,10
138,10,order( ),189,196,10
139,11,ByteBufferAsShortBufferRL( ),24,39,12
140,11,ByteBufferAsShortBufferRL( ),41,52,37
141,11,slice( ),54,62,79
142,11,duplicate( ),64,71,32
143,11,asReadOnlyBuffer( ),73,84,12
144,11,put( ),102,109,15
145,11,put( ),111,118,18
146,11,compact( ),120,139,13
147,11,isDirect( ),141,143,12
148,11,isReadOnly( ),145,147,10
149,11,order( ),189,196,10
150,12,ByteOrder( ),24,26,12
151,12,nativeOrder( ),55,57,13
152,12,toString( ),68,70,10
153,13,CharBuffer( ),256,262,43
154,13,CharBuffer( ),266,268,31
155,13,allocate( ),309,313,31
156,13,wrap( ),346,354,45
157,13,wrap( ),372,374,22
158,13,read( ),391,409,92
159,13,wrap( ),440,446,43
160,13,wrap( ),462,464,22
161,13,get( ),647,655,73
162,13,get( ),673,675,21
163,13,put( ),721,730,66
164,13,put( ),782,790,72
165,13,put( ),811,813,22
166,13,put( ),869,874,53
167,13,put( ),894,896,22
168,13,hasArray( ),914,916,18
169,13,array( ),937,943,35
170,13,arrayOffset( ),965,971,33
171,13,hashCode( ),1061,1067,54
172,13,equals( ),1094,1111,126
173,13,compareTo( ),1125,1139,117
174,13,toString( ),1157,1159,19
175,13,length( ),1176,1178,13
176,13,charAt( ),1194,1196,25
177,13,append( ),1264,1269,30
178,13,append( ),1303,1306,43
179,13,append( ),1331,1333,15
180,14,viewedBuffer( ),43,45,10
181,14,Deallocator( ),58,62,26
182,14,run( ),64,72,31
183,14,cleaner( ),78,78,10
184,14,DirectByteBuffer( ),92,115,127
185,14,DirectByteBuffer( ),121,125,33
186,14,DirectByteBuffer( ),131,140,45
187,14,DirectByteBuffer( ),146,160,49
188,14,slice( ),162,170,77
189,14,duplicate( ),172,179,32
190,14,asReadOnlyBuffer( ),181,192,32
191,14,address( ),196,198,10
192,14,ix( ),200,202,18
193,14,get( ),204,206,22
194,14,get( ),208,210,25
195,14,get( ),212,239,155
196,14,put( ),243,250,28
197,14,put( ),252,259,32
198,14,put( ),261,300,227
199,14,put( ),302,327,155
200,14,compact( ),329,343,75
201,14,isDirect( ),345,347,10
202,14,isReadOnly( ),349,351,10
203,14,_get( ),414,416,16
204,14,_put( ),418,424,20
205,14,getChar( ),429,435,43
206,14,getChar( ),437,439,23
207,14,getChar( ),441,443,27
208,14,putChar( ),447,459,56
209,14,putChar( ),461,468,29
210,14,putChar( ),470,477,34
211,14,asCharBuffer( ),479,515,174
212,14,getShort( ),520,526,43
213,14,getShort( ),528,530,23
214,14,getShort( ),532,534,27
215,14,putShort( ),538,550,56
216,14,putShort( ),552,559,29
217,14,putShort( ),561,568,34
218,14,asShortBuffer( ),570,606,174
219,14,getInt( ),611,617,43
220,14,getInt( ),619,621,23
221,14,getInt( ),623,625,27
222,14,putInt( ),629,641,56
223,14,putInt( ),643,650,29
224,14,putInt( ),652,659,34
225,14,asIntBuffer( ),661,697,174
226,14,getLong( ),702,708,43
227,14,getLong( ),710,712,23
228,14,getLong( ),714,716,27
229,14,putLong( ),720,732,56
230,14,putLong( ),734,741,29
231,14,putLong( ),743,750,34
232,14,asLongBuffer( ),752,788,174
233,14,getFloat( ),793,799,44
234,14,getFloat( ),801,803,23
235,14,getFloat( ),805,807,27
236,14,putFloat( ),811,823,57
237,14,putFloat( ),825,832,29
238,14,putFloat( ),834,841,34
239,14,asFloatBuffer( ),843,879,174
240,14,getDouble( ),884,890,44
241,14,getDouble( ),892,894,23
242,14,getDouble( ),896,898,27
243,14,putDouble( ),902,914,57
244,14,putDouble( ),916,923,29
245,14,putDouble( ),925,932,34
246,14,asDoubleBuffer( ),934,970,174
247,15,DirectByteBufferR( ),92,115,12
248,15,DirectByteBufferR( ),131,140,23
249,15,DirectByteBufferR( ),146,160,37
250,15,slice( ),162,170,77
251,15,duplicate( ),172,179,32
252,15,asReadOnlyBuffer( ),181,192,12
253,15,put( ),243,250,15
254,15,put( ),252,259,18
255,15,put( ),261,300,15
256,15,put( ),302,327,23
257,15,compact( ),329,343,13
258,15,isDirect( ),345,347,10
259,15,isReadOnly( ),349,351,10
260,15,_get( ),414,416,16
261,15,_put( ),418,424,17
262,15,putChar( ),447,459,18
263,15,putChar( ),461,468,15
264,15,putChar( ),470,477,18
265,15,asCharBuffer( ),479,515,174
266,15,putShort( ),538,550,18
267,15,putShort( ),552,559,15
268,15,putShort( ),561,568,18
269,15,asShortBuffer( ),570,606,174
270,15,putInt( ),629,641,18
271,15,putInt( ),643,650,15
272,15,putInt( ),652,659,18
273,15,asIntBuffer( ),661,697,174
274,15,putLong( ),720,732,18
275,15,putLong( ),734,741,15
276,15,putLong( ),743,750,18
277,15,asLongBuffer( ),752,788,174
278,15,putFloat( ),811,823,18
279,15,putFloat( ),825,832,15
280,15,putFloat( ),834,841,18
281,15,asFloatBuffer( ),843,879,174
282,15,putDouble( ),902,914,18
283,15,putDouble( ),916,923,15
284,15,putDouble( ),925,932,18
285,15,asDoubleBuffer( ),934,970,174
286,16,DirectCharBufferRS( ),146,160,37
287,16,slice( ),162,170,77
288,16,duplicate( ),172,179,32
289,16,asReadOnlyBuffer( ),181,192,12
290,16,put( ),243,250,15
291,16,put( ),252,259,18
292,16,put( ),261,300,15
293,16,put( ),302,327,23
294,16,compact( ),329,343,13
295,16,isDirect( ),345,347,10
296,16,isReadOnly( ),349,351,10
297,16,toString( ),356,371,105
298,16,subSequence( ),376,389,121
299,16,order( ),397,406,22
300,17,DirectCharBufferRU( ),146,160,37
301,17,slice( ),162,170,77
302,17,duplicate( ),172,179,32
303,17,asReadOnlyBuffer( ),181,192,12
304,17,put( ),243,250,15
305,17,put( ),252,259,18
306,17,put( ),261,300,15
307,17,put( ),302,327,23
308,17,compact( ),329,343,13
309,17,isDirect( ),345,347,10
310,17,isReadOnly( ),349,351,10
311,17,toString( ),356,371,105
312,17,subSequence( ),376,389,121
313,17,order( ),397,406,22
314,18,viewedBuffer( ),43,45,10
315,18,cleaner( ),82,82,10
316,18,DirectCharBufferS( ),146,160,45
317,18,slice( ),162,170,77
318,18,duplicate( ),172,179,32
319,18,asReadOnlyBuffer( ),181,192,32
320,18,address( ),196,198,10
321,18,ix( ),200,202,18
322,18,get( ),204,206,23
323,18,get( ),208,210,26
324,18,get( ),212,239,155
325,18,put( ),243,250,29
326,18,put( ),252,259,33
327,18,put( ),261,300,227
328,18,put( ),302,327,155
329,18,compact( ),329,343,75
330,18,isDirect( ),345,347,10
331,18,isReadOnly( ),349,351,10
332,18,toString( ),356,371,105
333,18,subSequence( ),376,389,121
334,18,order( ),397,406,22
335,19,viewedBuffer( ),43,45,10
336,19,cleaner( ),82,82,10
337,19,DirectCharBufferU( ),146,160,45
338,19,slice( ),162,170,77
339,19,duplicate( ),172,179,32
340,19,asReadOnlyBuffer( ),181,192,32
341,19,address( ),196,198,10
342,19,ix( ),200,202,18
343,19,get( ),204,206,22
344,19,get( ),208,210,25
345,19,get( ),212,239,155
346,19,put( ),243,250,28
347,19,put( ),252,259,32
348,19,put( ),261,300,227
349,19,put( ),302,327,155
350,19,compact( ),329,343,75
351,19,isDirect( ),345,347,10
352,19,isReadOnly( ),349,351,10
353,19,toString( ),356,371,105
354,19,subSequence( ),376,389,121
355,19,order( ),397,406,22
356,20,DirectDoubleBufferRS( ),146,160,37
357,20,slice( ),162,170,77
358,20,duplicate( ),172,179,32
359,20,asReadOnlyBuffer( ),181,192,12
360,20,put( ),243,250,15
361,20,put( ),252,259,18
362,20,put( ),261,300,15
363,20,put( ),302,327,23
364,20,compact( ),329,343,13
365,20,isDirect( ),345,347,10
366,20,isReadOnly( ),349,351,10
367,20,order( ),397,406,22
368,21,DirectDoubleBufferRU( ),146,160,37
369,21,slice( ),162,170,77
370,21,duplicate( ),172,179,32
371,21,asReadOnlyBuffer( ),181,192,12
372,21,put( ),243,250,15
373,21,put( ),252,259,18
374,21,put( ),261,300,15
375,21,put( ),302,327,23
376,21,compact( ),329,343,13
377,21,isDirect( ),345,347,10
378,21,isReadOnly( ),349,351,10
379,21,order( ),397,406,22
380,22,viewedBuffer( ),43,45,10
381,22,cleaner( ),82,82,10
382,22,DirectDoubleBufferS( ),146,160,45
383,22,slice( ),162,170,77
384,22,duplicate( ),172,179,32
385,22,asReadOnlyBuffer( ),181,192,32
386,22,address( ),196,198,10
387,22,ix( ),200,202,18
388,22,get( ),204,206,24
389,22,get( ),208,210,27
390,22,get( ),212,239,155
391,22,put( ),243,250,30
392,22,put( ),252,259,34
393,22,put( ),261,300,227
394,22,put( ),302,327,155
395,22,compact( ),329,343,75
396,22,isDirect( ),345,347,10
397,22,isReadOnly( ),349,351,10
398,22,order( ),397,406,22
399,23,viewedBuffer( ),43,45,10
400,23,cleaner( ),82,82,10
401,23,DirectDoubleBufferU( ),146,160,45
402,23,slice( ),162,170,77
403,23,duplicate( ),172,179,32
404,23,asReadOnlyBuffer( ),181,192,32
405,23,address( ),196,198,10
406,23,ix( ),200,202,18
407,23,get( ),204,206,22
408,23,get( ),208,210,25
409,23,get( ),212,239,155
410,23,put( ),243,250,28
411,23,put( ),252,259,32
412,23,put( ),261,300,227
413,23,put( ),302,327,155
414,23,compact( ),329,343,75
415,23,isDirect( ),345,347,10
416,23,isReadOnly( ),349,351,10
417,23,order( ),397,406,22
418,24,DirectFloatBufferRS( ),146,160,37
419,24,slice( ),162,170,77
420,24,duplicate( ),172,179,32
421,24,asReadOnlyBuffer( ),181,192,12
422,24,put( ),243,250,15
423,24,put( ),252,259,18
424,24,put( ),261,300,15
425,24,put( ),302,327,23
426,24,compact( ),329,343,13
427,24,isDirect( ),345,347,10
428,24,isReadOnly( ),349,351,10
429,24,order( ),397,406,22
430,25,DirectFloatBufferRU( ),146,160,37
431,25,slice( ),162,170,77
432,25,duplicate( ),172,179,32
433,25,asReadOnlyBuffer( ),181,192,12
434,25,put( ),243,250,15
435,25,put( ),252,259,18
436,25,put( ),261,300,15
437,25,put( ),302,327,23
438,25,compact( ),329,343,13
439,25,isDirect( ),345,347,10
440,25,isReadOnly( ),349,351,10
441,25,order( ),397,406,22
442,26,viewedBuffer( ),43,45,10
443,26,cleaner( ),82,82,10
444,26,DirectFloatBufferS( ),146,160,45
445,26,slice( ),162,170,77
446,26,duplicate( ),172,179,32
447,26,asReadOnlyBuffer( ),181,192,32
448,26,address( ),196,198,10
449,26,ix( ),200,202,18
450,26,get( ),204,206,24
451,26,get( ),208,210,27
452,26,get( ),212,239,155
453,26,put( ),243,250,30
454,26,put( ),252,259,34
455,26,put( ),261,300,227
456,26,put( ),302,327,155
457,26,compact( ),329,343,75
458,26,isDirect( ),345,347,10
459,26,isReadOnly( ),349,351,10
460,26,order( ),397,406,22
461,27,viewedBuffer( ),43,45,10
462,27,cleaner( ),82,82,10
463,27,DirectFloatBufferU( ),146,160,45
464,27,slice( ),162,170,77
465,27,duplicate( ),172,179,32
466,27,asReadOnlyBuffer( ),181,192,32
467,27,address( ),196,198,10
468,27,ix( ),200,202,18
469,27,get( ),204,206,22
470,27,get( ),208,210,25
471,27,get( ),212,239,155
472,27,put( ),243,250,28
473,27,put( ),252,259,32
474,27,put( ),261,300,227
475,27,put( ),302,327,155
476,27,compact( ),329,343,75
477,27,isDirect( ),345,347,10
478,27,isReadOnly( ),349,351,10
479,27,order( ),397,406,22
480,28,DirectIntBufferRS( ),146,160,37
481,28,slice( ),162,170,77
482,28,duplicate( ),172,179,32
483,28,asReadOnlyBuffer( ),181,192,12
484,28,put( ),243,250,15
485,28,put( ),252,259,18
486,28,put( ),261,300,15
487,28,put( ),302,327,23
488,28,compact( ),329,343,13
489,28,isDirect( ),345,347,10
490,28,isReadOnly( ),349,351,10
491,28,order( ),397,406,22
492,29,DirectIntBufferRU( ),146,160,37
493,29,slice( ),162,170,77
494,29,duplicate( ),172,179,32
495,29,asReadOnlyBuffer( ),181,192,12
496,29,put( ),243,250,15
497,29,put( ),252,259,18
498,29,put( ),261,300,15
499,29,put( ),302,327,23
500,29,compact( ),329,343,13
501,29,isDirect( ),345,347,10
502,29,isReadOnly( ),349,351,10
503,29,order( ),397,406,22
504,30,viewedBuffer( ),43,45,10
505,30,cleaner( ),82,82,10
506,30,DirectIntBufferS( ),146,160,45
507,30,slice( ),162,170,77
508,30,duplicate( ),172,179,32
509,30,asReadOnlyBuffer( ),181,192,32
510,30,address( ),196,198,10
511,30,ix( ),200,202,18
512,30,get( ),204,206,23
513,30,get( ),208,210,26
514,30,get( ),212,239,155
515,30,put( ),243,250,29
516,30,put( ),252,259,33
517,30,put( ),261,300,227
518,30,put( ),302,327,155
519,30,compact( ),329,343,75
520,30,isDirect( ),345,347,10
521,30,isReadOnly( ),349,351,10
522,30,order( ),397,406,22
523,31,viewedBuffer( ),43,45,10
524,31,cleaner( ),82,82,10
525,31,DirectIntBufferU( ),146,160,45
526,31,slice( ),162,170,77
527,31,duplicate( ),172,179,32
528,31,asReadOnlyBuffer( ),181,192,32
529,31,address( ),196,198,10
530,31,ix( ),200,202,18
531,31,get( ),204,206,22
532,31,get( ),208,210,25
533,31,get( ),212,239,155
534,31,put( ),243,250,28
535,31,put( ),252,259,32
536,31,put( ),261,300,227
537,31,put( ),302,327,155
538,31,compact( ),329,343,75
539,31,isDirect( ),345,347,10
540,31,isReadOnly( ),349,351,10
541,31,order( ),397,406,22
542,32,DirectLongBufferRS( ),146,160,37
543,32,slice( ),162,170,77
544,32,duplicate( ),172,179,32
545,32,asReadOnlyBuffer( ),181,192,12
546,32,put( ),243,250,15
547,32,put( ),252,259,18
548,32,put( ),261,300,15
549,32,put( ),302,327,23
550,32,compact( ),329,343,13
551,32,isDirect( ),345,347,10
552,32,isReadOnly( ),349,351,10
553,32,order( ),397,406,22
554,33,DirectLongBufferRU( ),146,160,37
555,33,slice( ),162,170,77
556,33,duplicate( ),172,179,32
557,33,asReadOnlyBuffer( ),181,192,12
558,33,put( ),243,250,15
559,33,put( ),252,259,18
560,33,put( ),261,300,15
561,33,put( ),302,327,23
562,33,compact( ),329,343,13
563,33,isDirect( ),345,347,10
564,33,isReadOnly( ),349,351,10
565,33,order( ),397,406,22
566,34,viewedBuffer( ),43,45,10
567,34,cleaner( ),82,82,10
568,34,DirectLongBufferS( ),146,160,45
569,34,slice( ),162,170,77
570,34,duplicate( ),172,179,32
571,34,asReadOnlyBuffer( ),181,192,32
572,34,address( ),196,198,10
573,34,ix( ),200,202,18
574,34,get( ),204,206,23
575,34,get( ),208,210,26
576,34,get( ),212,239,155
577,34,put( ),243,250,29
578,34,put( ),252,259,33
579,34,put( ),261,300,227
580,34,put( ),302,327,155
581,34,compact( ),329,343,75
582,34,isDirect( ),345,347,10
583,34,isReadOnly( ),349,351,10
584,34,order( ),397,406,22
585,35,viewedBuffer( ),43,45,10
586,35,cleaner( ),82,82,10
587,35,DirectLongBufferU( ),146,160,45
588,35,slice( ),162,170,77
589,35,duplicate( ),172,179,32
590,35,asReadOnlyBuffer( ),181,192,32
591,35,address( ),196,198,10
592,35,ix( ),200,202,18
593,35,get( ),204,206,22
594,35,get( ),208,210,25
595,35,get( ),212,239,155
596,35,put( ),243,250,28
597,35,put( ),252,259,32
598,35,put( ),261,300,227
599,35,put( ),302,327,155
600,35,compact( ),329,343,75
601,35,isDirect( ),345,347,10
602,35,isReadOnly( ),349,351,10
603,35,order( ),397,406,22
604,36,DirectShortBufferRS( ),146,160,37
605,36,slice( ),162,170,77
606,36,duplicate( ),172,179,32
607,36,asReadOnlyBuffer( ),181,192,12
608,36,put( ),243,250,15
609,36,put( ),252,259,18
610,36,put( ),261,300,15
611,36,put( ),302,327,23
612,36,compact( ),329,343,13
613,36,isDirect( ),345,347,10
614,36,isReadOnly( ),349,351,10
615,36,order( ),397,406,22
616,37,DirectShortBufferRU( ),146,160,37
617,37,slice( ),162,170,77
618,37,duplicate( ),172,179,32
619,37,asReadOnlyBuffer( ),181,192,12
620,37,put( ),243,250,15
621,37,put( ),252,259,18
622,37,put( ),261,300,15
623,37,put( ),302,327,23
624,37,compact( ),329,343,13
625,37,isDirect( ),345,347,10
626,37,isReadOnly( ),349,351,10
627,37,order( ),397,406,22
628,38,viewedBuffer( ),43,45,10
629,38,cleaner( ),82,82,10
630,38,DirectShortBufferS( ),146,160,45
631,38,slice( ),162,170,77
632,38,duplicate( ),172,179,32
633,38,asReadOnlyBuffer( ),181,192,32
634,38,address( ),196,198,10
635,38,ix( ),200,202,18
636,38,get( ),204,206,23
637,38,get( ),208,210,26
638,38,get( ),212,239,155
639,38,put( ),243,250,29
640,38,put( ),252,259,33
641,38,put( ),261,300,227
642,38,put( ),302,327,155
643,38,compact( ),329,343,75
644,38,isDirect( ),345,347,10
645,38,isReadOnly( ),349,351,10
646,38,order( ),397,406,22
647,39,viewedBuffer( ),43,45,10
648,39,cleaner( ),82,82,10
649,39,DirectShortBufferU( ),146,160,45
650,39,slice( ),162,170,77
651,39,duplicate( ),172,179,32
652,39,asReadOnlyBuffer( ),181,192,32
653,39,address( ),196,198,10
654,39,ix( ),200,202,18
655,39,get( ),204,206,22
656,39,get( ),208,210,25
657,39,get( ),212,239,155
658,39,put( ),243,250,28
659,39,put( ),252,259,32
660,39,put( ),261,300,227
661,39,put( ),302,327,155
662,39,compact( ),329,343,75
663,39,isDirect( ),345,347,10
664,39,isReadOnly( ),349,351,10
665,39,order( ),397,406,22
666,40,DoubleBuffer( ),256,262,43
667,40,DoubleBuffer( ),266,268,31
668,40,allocate( ),309,313,31
669,40,wrap( ),346,354,45
670,40,wrap( ),372,374,22
671,40,get( ),647,655,73
672,40,get( ),673,675,21
673,40,put( ),721,730,66
674,40,put( ),782,790,72
675,40,put( ),811,813,22
676,40,hasArray( ),914,916,18
677,40,array( ),937,943,35
678,40,arrayOffset( ),965,971,33
679,40,toString( ),1030,1041,72
680,40,hashCode( ),1061,1067,54
681,40,equals( ),1094,1111,126
682,40,compareTo( ),1125,1139,117
683,41,FloatBuffer( ),256,262,43
684,41,FloatBuffer( ),266,268,31
685,41,allocate( ),309,313,31
686,41,wrap( ),346,354,45
687,41,wrap( ),372,374,22
688,41,get( ),647,655,73
689,41,get( ),673,675,21
690,41,put( ),721,730,66
691,41,put( ),782,790,72
692,41,put( ),811,813,22
693,41,hasArray( ),914,916,18
694,41,array( ),937,943,35
695,41,arrayOffset( ),965,971,33
696,41,toString( ),1030,1041,72
697,41,hashCode( ),1061,1067,54
698,41,equals( ),1094,1111,126
699,41,compareTo( ),1125,1139,117
700,42,HeapByteBuffer( ),37,48,30
701,42,HeapByteBuffer( ),50,61,33
702,42,HeapByteBuffer( ),63,77,40
703,42,slice( ),79,86,33
704,42,duplicate( ),88,95,32
705,42,asReadOnlyBuffer( ),97,108,32
706,42,ix( ),112,114,14
707,42,get( ),116,118,18
708,42,get( ),120,122,21
709,42,get( ),124,131,70
710,42,isDirect( ),133,135,10
711,42,isReadOnly( ),139,141,10
712,42,put( ),143,150,24
713,42,put( ),152,159,28
714,42,put( ),161,172,70
715,42,put( ),174,200,163
716,42,compact( ),202,211,47
717,42,_get( ),217,219,14
718,42,_put( ),221,227,18
719,42,getChar( ),233,235,23
720,42,getChar( ),237,239,27
721,42,putChar( ),243,250,29
722,42,putChar( ),252,259,34
723,42,asCharBuffer( ),261,277,74
724,42,getShort( ),284,286,23
725,42,getShort( ),288,290,27
726,42,putShort( ),294,301,29
727,42,putShort( ),303,310,34
728,42,asShortBuffer( ),312,328,74
729,42,getInt( ),335,337,23
730,42,getInt( ),339,341,27
731,42,putInt( ),345,352,29
732,42,putInt( ),354,361,34
733,42,asIntBuffer( ),363,379,74
734,42,getLong( ),386,388,23
735,42,getLong( ),390,392,27
736,42,putLong( ),396,403,29
737,42,putLong( ),405,412,34
738,42,asLongBuffer( ),414,430,74
739,42,getFloat( ),437,439,23
740,42,getFloat( ),441,443,27
741,42,putFloat( ),447,454,29
742,42,putFloat( ),456,463,34
743,42,asFloatBuffer( ),465,481,74
744,42,getDouble( ),488,490,23
745,42,getDouble( ),492,494,27
746,42,putDouble( ),498,505,29
747,42,putDouble( ),507,514,34
748,42,asDoubleBuffer( ),516,532,74
749,43,HeapByteBufferR( ),37,48,21
750,43,HeapByteBufferR( ),50,61,28
751,43,HeapByteBufferR( ),63,77,44
752,43,slice( ),79,86,33
753,43,duplicate( ),88,95,32
754,43,asReadOnlyBuffer( ),97,108,12
755,43,isReadOnly( ),139,141,10
756,43,put( ),143,150,15
757,43,put( ),152,159,18
758,43,put( ),161,172,23
759,43,put( ),174,200,15
760,43,compact( ),202,211,13
761,43,_get( ),217,219,14
762,43,_put( ),221,227,17
763,43,putChar( ),243,250,15
764,43,putChar( ),252,259,18
765,43,asCharBuffer( ),261,277,74
766,43,putShort( ),294,301,15
767,43,putShort( ),303,310,18
768,43,asShortBuffer( ),312,328,74
769,43,putInt( ),345,352,15
770,43,putInt( ),354,361,18
771,43,asIntBuffer( ),363,379,74
772,43,putLong( ),396,403,15
773,43,putLong( ),405,412,18
774,43,asLongBuffer( ),414,430,74
775,43,putFloat( ),447,454,15
776,43,putFloat( ),456,463,18
777,43,asFloatBuffer( ),465,481,74
778,43,putDouble( ),498,505,15
779,43,putDouble( ),507,514,18
780,43,asDoubleBuffer( ),516,532,74
781,44,HeapCharBuffer( ),37,48,30
782,44,HeapCharBuffer( ),50,61,33
783,44,HeapCharBuffer( ),63,77,40
784,44,slice( ),79,86,33
785,44,duplicate( ),88,95,32
786,44,asReadOnlyBuffer( ),97,108,32
787,44,ix( ),112,114,14
788,44,get( ),116,118,18
789,44,get( ),120,122,21
790,44,get( ),124,131,70
791,44,isDirect( ),133,135,10
792,44,isReadOnly( ),139,141,10
793,44,put( ),143,150,24
794,44,put( ),152,159,28
795,44,put( ),161,172,70
796,44,put( ),174,200,163
797,44,compact( ),202,211,47
798,44,toString( ),540,546,42
799,44,subSequence( ),551,560,71
800,44,order( ),567,569,12
801,45,HeapCharBufferR( ),37,48,21
802,45,HeapCharBufferR( ),50,61,28
803,45,HeapCharBufferR( ),63,77,44
804,45,slice( ),79,86,33
805,45,duplicate( ),88,95,32
806,45,asReadOnlyBuffer( ),97,108,12
807,45,isReadOnly( ),139,141,10
808,45,put( ),143,150,15
809,45,put( ),152,159,18
810,45,put( ),161,172,23
811,45,put( ),174,200,15
812,45,compact( ),202,211,13
813,45,toString( ),540,546,42
814,45,subSequence( ),551,560,71
815,45,order( ),567,569,12
816,46,HeapDoubleBuffer( ),37,48,30
817,46,HeapDoubleBuffer( ),50,61,33
818,46,HeapDoubleBuffer( ),63,77,40
819,46,slice( ),79,86,33
820,46,duplicate( ),88,95,32
821,46,asReadOnlyBuffer( ),97,108,32
822,46,ix( ),112,114,14
823,46,get( ),116,118,18
824,46,get( ),120,122,21
825,46,get( ),124,131,70
826,46,isDirect( ),133,135,10
827,46,isReadOnly( ),139,141,10
828,46,put( ),143,150,24
829,46,put( ),152,159,28
830,46,put( ),161,172,70
831,46,put( ),174,200,163
832,46,compact( ),202,211,47
833,46,order( ),567,569,12
834,47,HeapDoubleBufferR( ),37,48,21
835,47,HeapDoubleBufferR( ),50,61,28
836,47,HeapDoubleBufferR( ),63,77,44
837,47,slice( ),79,86,33
838,47,duplicate( ),88,95,32
839,47,asReadOnlyBuffer( ),97,108,12
840,47,isReadOnly( ),139,141,10
841,47,put( ),143,150,15
842,47,put( ),152,159,18
843,47,put( ),161,172,23
844,47,put( ),174,200,15
845,47,compact( ),202,211,13
846,47,order( ),567,569,12
847,48,HeapFloatBuffer( ),37,48,30
848,48,HeapFloatBuffer( ),50,61,33
849,48,HeapFloatBuffer( ),63,77,40
850,48,slice( ),79,86,33
851,48,duplicate( ),88,95,32
852,48,asReadOnlyBuffer( ),97,108,32
853,48,ix( ),112,114,14
854,48,get( ),116,118,18
855,48,get( ),120,122,21
856,48,get( ),124,131,70
857,48,isDirect( ),133,135,10
858,48,isReadOnly( ),139,141,10
859,48,put( ),143,150,24
860,48,put( ),152,159,28
861,48,put( ),161,172,70
862,48,put( ),174,200,163
863,48,compact( ),202,211,47
864,48,order( ),567,569,12
865,49,HeapFloatBufferR( ),37,48,21
866,49,HeapFloatBufferR( ),50,61,28
867,49,HeapFloatBufferR( ),63,77,44
868,49,slice( ),79,86,33
869,49,duplicate( ),88,95,32
870,49,asReadOnlyBuffer( ),97,108,12
871,49,isReadOnly( ),139,141,10
872,49,put( ),143,150,15
873,49,put( ),152,159,18
874,49,put( ),161,172,23
875,49,put( ),174,200,15
876,49,compact( ),202,211,13
877,49,order( ),567,569,12
878,50,HeapIntBuffer( ),37,48,30
879,50,HeapIntBuffer( ),50,61,33
880,50,HeapIntBuffer( ),63,77,40
881,50,slice( ),79,86,33
882,50,duplicate( ),88,95,32
883,50,asReadOnlyBuffer( ),97,108,32
884,50,ix( ),112,114,14
885,50,get( ),116,118,18
886,50,get( ),120,122,21
887,50,get( ),124,131,70
888,50,isDirect( ),133,135,10
889,50,isReadOnly( ),139,141,10
890,50,put( ),143,150,24
891,50,put( ),152,159,28
892,50,put( ),161,172,70
893,50,put( ),174,200,163
894,50,compact( ),202,211,47
895,50,order( ),567,569,12
896,51,HeapIntBufferR( ),37,48,21
897,51,HeapIntBufferR( ),50,61,28
898,51,HeapIntBufferR( ),63,77,44
899,51,slice( ),79,86,33
900,51,duplicate( ),88,95,32
901,51,asReadOnlyBuffer( ),97,108,12
902,51,isReadOnly( ),139,141,10
903,51,put( ),143,150,15
904,51,put( ),152,159,18
905,51,put( ),161,172,23
906,51,put( ),174,200,15
907,51,compact( ),202,211,13
908,51,order( ),567,569,12
909,52,HeapLongBuffer( ),37,48,30
910,52,HeapLongBuffer( ),50,61,33
911,52,HeapLongBuffer( ),63,77,40
912,52,slice( ),79,86,33
913,52,duplicate( ),88,95,32
914,52,asReadOnlyBuffer( ),97,108,32
915,52,ix( ),112,114,14
916,52,get( ),116,118,18
917,52,get( ),120,122,21
918,52,get( ),124,131,70
919,52,isDirect( ),133,135,10
920,52,isReadOnly( ),139,141,10
921,52,put( ),143,150,24
922,52,put( ),152,159,28
923,52,put( ),161,172,70
924,52,put( ),174,200,163
925,52,compact( ),202,211,47
926,52,order( ),567,569,12
927,53,HeapLongBufferR( ),37,48,21
928,53,HeapLongBufferR( ),50,61,28
929,53,HeapLongBufferR( ),63,77,44
930,53,slice( ),79,86,33
931,53,duplicate( ),88,95,32
932,53,asReadOnlyBuffer( ),97,108,12
933,53,isReadOnly( ),139,141,10
934,53,put( ),143,150,15
935,53,put( ),152,159,18
936,53,put( ),161,172,23
937,53,put( ),174,200,15
938,53,compact( ),202,211,13
939,53,order( ),567,569,12
940,54,HeapShortBuffer( ),37,48,30
941,54,HeapShortBuffer( ),50,61,33
942,54,HeapShortBuffer( ),63,77,40
943,54,slice( ),79,86,33
944,54,duplicate( ),88,95,32
945,54,asReadOnlyBuffer( ),97,108,32
946,54,ix( ),112,114,14
947,54,get( ),116,118,18
948,54,get( ),120,122,21
949,54,get( ),124,131,70
950,54,isDirect( ),133,135,10
951,54,isReadOnly( ),139,141,10
952,54,put( ),143,150,24
953,54,put( ),152,159,28
954,54,put( ),161,172,70
955,54,put( ),174,200,163
956,54,compact( ),202,211,47
957,54,order( ),567,569,12
958,55,HeapShortBufferR( ),37,48,21
959,55,HeapShortBufferR( ),50,61,28
960,55,HeapShortBufferR( ),63,77,44
961,55,slice( ),79,86,33
962,55,duplicate( ),88,95,32
963,55,asReadOnlyBuffer( ),97,108,12
964,55,isReadOnly( ),139,141,10
965,55,put( ),143,150,15
966,55,put( ),152,159,18
967,55,put( ),161,172,23
968,55,put( ),174,200,15
969,55,compact( ),202,211,13
970,55,order( ),567,569,12
971,56,IntBuffer( ),256,262,43
972,56,IntBuffer( ),266,268,31
973,56,allocate( ),309,313,31
974,56,wrap( ),346,354,45
975,56,wrap( ),372,374,22
976,56,get( ),647,655,73
977,56,get( ),673,675,21
978,56,put( ),721,730,66
979,56,put( ),782,790,72
980,56,put( ),811,813,22
981,56,hasArray( ),914,916,18
982,56,array( ),937,943,35
983,56,arrayOffset( ),965,971,33
984,56,toString( ),1030,1041,72
985,56,hashCode( ),1061,1067,54
986,56,equals( ),1094,1111,126
987,56,compareTo( ),1125,1139,117
988,57,InvalidMarkException( ),30,30,6
989,58,LongBuffer( ),256,262,43
990,58,LongBuffer( ),266,268,31
991,58,allocate( ),309,313,31
992,58,wrap( ),346,354,45
993,58,wrap( ),372,374,22
994,58,get( ),647,655,73
995,58,get( ),673,675,21
996,58,put( ),721,730,66
997,58,put( ),782,790,72
998,58,put( ),811,813,22
999,58,hasArray( ),914,916,18
1000,58,array( ),937,943,35
1001,58,arrayOffset( ),965,971,33
1002,58,toString( ),1030,1041,72
1003,58,hashCode( ),1061,1067,54
1004,58,equals( ),1094,1111,126
1005,58,compareTo( ),1125,1139,117
1006,59,MappedByteBuffer( ),61,66,34
1007,59,MappedByteBuffer( ),68,71,31
1008,59,checkMapped( ),73,77,18
1009,59,isLoaded( ),97,102,50
1010,59,load( ),114,120,56
1011,59,force( ),140,146,52
1012,60,ReadOnlyBufferException( ),30,30,6
1013,61,ShortBuffer( ),256,262,43
1014,61,ShortBuffer( ),266,268,31
1015,61,allocate( ),309,313,31
1016,61,wrap( ),346,354,45
1017,61,wrap( ),372,374,22
1018,61,get( ),647,655,73
1019,61,get( ),673,675,21
1020,61,put( ),721,730,66
1021,61,put( ),782,790,72
1022,61,put( ),811,813,22
1023,61,hasArray( ),914,916,18
1024,61,array( ),937,943,35
1025,61,arrayOffset( ),965,971,33
1026,61,toString( ),1030,1041,72
1027,61,hashCode( ),1061,1067,54
1028,61,equals( ),1094,1111,126
1029,61,compareTo( ),1125,1139,117
1030,62,StringCharBuffer( ),18,24,70
1031,62,slice( ),26,28,22
1032,62,StringCharBuffer( ),31,36,35
1033,62,duplicate( ),38,41,30
1034,62,asReadOnlyBuffer( ),43,45,12
1035,62,get( ),47,49,16
1036,62,get( ),51,53,19
1037,62,put( ),57,59,16
1038,62,put( ),61,63,19
1039,62,compact( ),65,67,14
1040,62,isReadOnly( ),69,71,11
1041,62,toString( ),73,75,24
1042,62,subSequence( ),77,86,61
1043,62,isDirect( ),88,90,10
1044,62,order( ),92,94,12
1045,63,Bits( ),21,21,6
1046,63,swap( ),26,29,31
1047,63,swap( ),31,34,31
1048,63,swap( ),36,39,43
1049,63,swap( ),41,44,51
1050,63,makeChar( ),49,51,31
1051,63,getCharL( ),53,56,30
1052,63,getCharL( ),58,61,27
1053,63,getCharB( ),63,66,30
1054,63,getCharB( ),68,71,27
1055,63,getChar( ),73,75,34
1056,63,getChar( ),77,79,27
1057,63,char1( ),81,81,20
1058,63,char0( ),82,82,20
1059,63,putCharL( ),84,87,39
1060,63,putCharL( ),89,92,36
1061,63,putCharB( ),94,97,39
1062,63,putCharB( ),99,102,36
1063,63,putChar( ),104,109,41
1064,63,putChar( ),111,116,34
1065,63,makeShort( ),121,123,31
1066,63,getShortL( ),125,128,30
1067,63,getShortL( ),130,133,25
1068,63,getShortB( ),135,138,30
1069,63,getShortB( ),140,143,25
1070,63,getShort( ),145,147,34
1071,63,getShort( ),149,151,27
1072,63,short1( ),153,153,20
1073,63,short0( ),154,154,20
1074,63,putShortL( ),156,159,39
1075,63,putShortL( ),161,164,34
1076,63,putShortB( ),166,169,39
1077,63,putShortB( ),171,174,34
1078,63,putShort( ),176,181,41
1079,63,putShort( ),183,188,34
1080,63,makeInt( ),193,198,67
1081,63,getIntL( ),200,205,44
1082,63,getIntL( ),207,212,41
1083,63,getIntB( ),214,219,44
1084,63,getIntB( ),221,226,41
1085,63,getInt( ),228,230,34
1086,63,getInt( ),232,234,27
1087,63,int3( ),236,236,20
1088,63,int2( ),237,237,20
1089,63,int1( ),238,238,20
1090,63,int0( ),239,239,20
1091,63,putIntL( ),241,246,63
1092,63,putIntL( ),248,253,60
1093,63,putIntB( ),255,260,63
1094,63,putIntB( ),262,267,60
1095,63,putInt( ),269,274,41
1096,63,putInt( ),276,281,34
1097,63,makeLong( ),286,297,138
1098,63,getLongL( ),299,308,72
1099,63,getLongL( ),310,319,69
1100,63,getLongB( ),321,330,72
1101,63,getLongB( ),332,341,69
1102,63,getLong( ),343,345,34
1103,63,getLong( ),347,349,27
1104,63,long7( ),351,351,20
1105,63,long6( ),352,352,20
1106,63,long5( ),353,353,20
1107,63,long4( ),354,354,20
1108,63,long3( ),355,355,20
1109,63,long2( ),356,356,20
1110,63,long1( ),357,357,20
1111,63,long0( ),358,358,20
1112,63,putLongL( ),360,369,111
1113,63,putLongL( ),371,380,108
1114,63,putLongB( ),382,391,111
1115,63,putLongB( ),393,402,108
1116,63,putLong( ),404,409,41
1117,63,putLong( ),411,416,34
1118,63,getFloatL( ),421,423,23
1119,63,getFloatL( ),425,427,18
1120,63,getFloatB( ),429,431,23
1121,63,getFloatB( ),433,435,18
1122,63,getFloat( ),437,439,34
1123,63,getFloat( ),441,443,27
1124,63,putFloatL( ),445,447,27
1125,63,putFloatL( ),449,451,22
1126,63,putFloatB( ),453,455,27
1127,63,putFloatB( ),457,459,22
1128,63,putFloat( ),461,466,41
1129,63,putFloat( ),468,473,34
1130,63,getDoubleL( ),478,480,23
1131,63,getDoubleL( ),482,484,18
1132,63,getDoubleB( ),486,488,23
1133,63,getDoubleB( ),490,492,18
1134,63,getDouble( ),494,496,34
1135,63,getDouble( ),498,500,27
1136,63,putDoubleL( ),502,504,27
1137,63,putDoubleL( ),506,508,22
1138,63,putDoubleB( ),510,512,27
1139,63,putDoubleB( ),514,516,22
1140,63,putDouble( ),518,523,41
1141,63,putDouble( ),525,530,34
1142,63,_get( ),537,539,16
1143,63,_put( ),541,543,20
1144,63,unsafe( ),545,547,10
1145,63,byteOrder( ),554,571,86
1146,63,pageSize( ),576,580,27
1147,63,unaligned( ),586,595,53
1148,63,reserveMemory( ),610,636,104
1149,63,unreserveMemory( ),638,643,30
1150,63,copyFromCharArray( ),663,667,29
1151,63,copyToCharArray( ),669,673,29
1152,64,Buffer( ),172,183,66
1153,64,capacity( ),190,192,11
1154,64,position( ),199,201,11
1155,64,position( ),216,222,48
1156,64,limit( ),229,231,11
1157,64,limit( ),247,254,58
1158,64,mark( ),261,264,15
1159,64,reset( ),277,283,32
1160,64,clear( ),302,307,24
1161,64,flip( ),330,335,24
1162,64,rewind( ),352,356,20
1163,64,remaining( ),364,366,13
1164,64,hasRemaining( ),375,377,13
1165,64,nextGetIndex( ),396,400,23
1166,64,nextGetIndex( ),402,408,35
1167,64,nextPutIndex( ),417,421,23
1168,64,nextPutIndex( ),423,429,35
1169,64,checkIndex( ),436,440,32
1170,64,checkIndex( ),442,446,37
1171,64,markValue( ),448,450,10
1172,64,checkBounds( ),452,455,47
1173,65,BufferOverflowException( ),30,30,6
1174,66,BufferUnderflowException( ),30,30,6
1175,67,ByteBuffer( ),256,262,43
1176,67,ByteBuffer( ),266,268,31
1177,67,allocateDirect( ),287,289,17
1178,67,allocate( ),309,313,31
1179,67,wrap( ),346,354,45
1180,67,wrap( ),372,374,22
1181,67,get( ),647,655,73
1182,67,get( ),673,675,21
1183,67,put( ),721,730,66
1184,67,put( ),782,790,72
1185,67,put( ),811,813,22
1186,67,hasArray( ),914,916,18
1187,67,array( ),937,943,35
1188,67,arrayOffset( ),965,971,33
1189,67,toString( ),1030,1041,72
1190,67,hashCode( ),1061,1067,54
1191,67,equals( ),1094,1111,126
1192,67,compareTo( ),1125,1139,117
1193,67,order( ),1375,1377,15
1194,67,order( ),1389,1394,35
1195,68,ByteBufferAsCharBufferB( ),24,39,61
1196,68,ByteBufferAsCharBufferB( ),41,52,41
1197,68,slice( ),54,62,79
1198,68,duplicate( ),64,71,32
1199,68,asReadOnlyBuffer( ),73,84,32
1200,68,ix( ),88,90,18
1201,68,get( ),92,94,20
1202,68,get( ),96,98,23
1203,68,put( ),102,109,26
1204,68,put( ),111,118,30
1205,68,compact( ),120,139,99
1206,68,isDirect( ),141,143,12
1207,68,isReadOnly( ),145,147,10
1208,68,toString( ),151,166,105
1209,68,subSequence( ),171,184,125
1210,68,order( ),189,196,10
1211,69,ByteBufferAsCharBufferL( ),24,39,61
1212,69,ByteBufferAsCharBufferL( ),41,52,41
1213,69,slice( ),54,62,79
1214,69,duplicate( ),64,71,32
1215,69,asReadOnlyBuffer( ),73,84,32
1216,69,ix( ),88,90,18
1217,69,get( ),92,94,20
1218,69,get( ),96,98,23
1219,69,put( ),102,109,26
1220,69,put( ),111,118,30
1221,69,compact( ),120,139,99
1222,69,isDirect( ),141,143,12
1223,69,isReadOnly( ),145,147,10
1224,69,toString( ),151,166,105
1225,69,subSequence( ),171,184,125
1226,69,order( ),189,196,10
1227,70,ByteBufferAsCharBufferRB( ),24,39,12
1228,70,ByteBufferAsCharBufferRB( ),41,52,37
1229,70,slice( ),54,62,79
1230,70,duplicate( ),64,71,32
1231,70,asReadOnlyBuffer( ),73,84,12
1232,70,put( ),102,109,15
1233,70,put( ),111,118,18
1234,70,compact( ),120,139,13
1235,70,isDirect( ),141,143,12
1236,70,isReadOnly( ),145,147,10
1237,70,toString( ),151,166,105
1238,70,subSequence( ),171,184,125
1239,70,order( ),189,196,10
1240,71,ByteBufferAsCharBufferRL( ),24,39,12
1241,71,ByteBufferAsCharBufferRL( ),41,52,37
1242,71,slice( ),54,62,79
1243,71,duplicate( ),64,71,32
1244,71,asReadOnlyBuffer( ),73,84,12
1245,71,put( ),102,109,15
1246,71,put( ),111,118,18
1247,71,compact( ),120,139,13
1248,71,isDirect( ),141,143,12
1249,71,isReadOnly( ),145,147,10
1250,71,toString( ),151,166,105
1251,71,subSequence( ),171,184,125
1252,71,order( ),189,196,10
1253,72,ByteBufferAsDoubleBufferB( ),24,39,61
1254,72,ByteBufferAsDoubleBufferB( ),41,52,41
1255,72,slice( ),54,62,79
1256,72,duplicate( ),64,71,32
1257,72,asReadOnlyBuffer( ),73,84,32
1258,72,ix( ),88,90,18
1259,72,get( ),92,94,20
1260,72,get( ),96,98,23
1261,72,put( ),102,109,26
1262,72,put( ),111,118,30
1263,72,compact( ),120,139,99
1264,72,isDirect( ),141,143,12
1265,72,isReadOnly( ),145,147,10
1266,72,order( ),189,196,10
1267,73,ByteBufferAsDoubleBufferL( ),24,39,61
1268,73,ByteBufferAsDoubleBufferL( ),41,52,41
1269,73,slice( ),54,62,79
1270,73,duplicate( ),64,71,32
1271,73,asReadOnlyBuffer( ),73,84,32
1272,73,ix( ),88,90,18
1273,73,get( ),92,94,20
1274,73,get( ),96,98,23
1275,73,put( ),102,109,26
1276,73,put( ),111,118,30
1277,73,compact( ),120,139,99
1278,73,isDirect( ),141,143,12
1279,73,isReadOnly( ),145,147,10
1280,73,order( ),189,196,10
1281,74,ByteBufferAsDoubleBufferRB( ),24,39,12
1282,74,ByteBufferAsDoubleBufferRB( ),41,52,37
1283,74,slice( ),54,62,79
1284,74,duplicate( ),64,71,32
1285,74,asReadOnlyBuffer( ),73,84,12
1286,74,put( ),102,109,15
1287,74,put( ),111,118,18
1288,74,compact( ),120,139,13
1289,74,isDirect( ),141,143,12
1290,74,isReadOnly( ),145,147,10
1291,74,order( ),189,196,10
1292,75,ByteBufferAsDoubleBufferRL( ),24,39,12
1293,75,ByteBufferAsDoubleBufferRL( ),41,52,37
1294,75,slice( ),54,62,79
1295,75,duplicate( ),64,71,32
1296,75,asReadOnlyBuffer( ),73,84,12
1297,75,put( ),102,109,15
1298,75,put( ),111,118,18
1299,75,compact( ),120,139,13
1300,75,isDirect( ),141,143,12
1301,75,isReadOnly( ),145,147,10
1302,75,order( ),189,196,10
1303,76,ByteBufferAsFloatBufferB( ),24,39,61
1304,76,ByteBufferAsFloatBufferB( ),41,52,41
1305,76,slice( ),54,62,79
1306,76,duplicate( ),64,71,32
1307,76,asReadOnlyBuffer( ),73,84,32
1308,76,ix( ),88,90,18
1309,76,get( ),92,94,20
1310,76,get( ),96,98,23
1311,76,put( ),102,109,26
1312,76,put( ),111,118,30
1313,76,compact( ),120,139,99
1314,76,isDirect( ),141,143,12
1315,76,isReadOnly( ),145,147,10
1316,76,order( ),189,196,10
1317,77,ByteBufferAsFloatBufferL( ),24,39,61
1318,77,ByteBufferAsFloatBufferL( ),41,52,41
1319,77,slice( ),54,62,79
1320,77,duplicate( ),64,71,32
1321,77,asReadOnlyBuffer( ),73,84,32
1322,77,ix( ),88,90,18
1323,77,get( ),92,94,20
1324,77,get( ),96,98,23
1325,77,put( ),102,109,26
1326,77,put( ),111,118,30
1327,77,compact( ),120,139,99
1328,77,isDirect( ),141,143,12
1329,77,isReadOnly( ),145,147,10
1330,77,order( ),189,196,10
1331,78,ByteBufferAsFloatBufferRB( ),24,39,12
1332,78,ByteBufferAsFloatBufferRB( ),41,52,37
1333,78,slice( ),54,62,79
1334,78,duplicate( ),64,71,32
1335,78,asReadOnlyBuffer( ),73,84,12
1336,78,put( ),102,109,15
1337,78,put( ),111,118,18
1338,78,compact( ),120,139,13
1339,78,isDirect( ),141,143,12
1340,78,isReadOnly( ),145,147,10
1341,78,order( ),189,196,10
1342,79,ByteBufferAsFloatBufferRL( ),24,39,12
1343,79,ByteBufferAsFloatBufferRL( ),41,52,37
1344,79,slice( ),54,62,79
1345,79,duplicate( ),64,71,32
1346,79,asReadOnlyBuffer( ),73,84,12
1347,79,put( ),102,109,15
1348,79,put( ),111,118,18
1349,79,compact( ),120,139,13
1350,79,isDirect( ),141,143,12
1351,79,isReadOnly( ),145,147,10
1352,79,order( ),189,196,10
1353,80,AlreadyConnectedException( ),30,30,6
1354,81,AsynchronousCloseException( ),31,31,6
1355,83,CancelledKeyException( ),30,30,6
1356,85,Channels( ),49,49,6
1357,85,write( ),52,65,67
1358,85,newInputStream( ),86,88,17
1359,85,newOutputStream( ),104,142,226
1360,85,newChannel( ),159,166,56
1361,85,ReadableByteChannelImpl( ),178,180,11
1362,85,read( ),182,211,160
1363,85,implCloseChannel( ),213,216,17
1364,85,newChannel( ),232,239,56
1365,85,WritableByteChannelImpl( ),251,253,11
1366,85,write( ),255,275,107
1367,85,implCloseChannel( ),277,280,17
1368,85,newReader( ),312,318,30
1369,85,newReader( ),349,353,31
1370,85,newWriter( ),380,386,33
1371,85,newWriter( ),417,421,31
1372,86,ClosedByInterruptException( ),32,32,6
1373,87,ClosedChannelException( ),33,33,6
1374,88,ClosedSelectorException( ),30,30,6
1375,89,ConnectionPendingException( ),31,31,6
1376,90,DatagramChannel( ),63,65,13
1377,90,open( ),81,83,19
1378,90,validOps( ),95,98,15
1379,90,read( ),363,365,24
1380,90,write( ),417,419,24
1381,91,FileChannel( ),143,143,6
1382,91,read( ),178,180,24
1383,91,write( ),221,223,24
1384,91,MapMode( ),621,623,12
1385,91,toString( ),630,632,10
1386,91,lock( ),864,866,20
1387,91,tryLock( ),966,968,20
1388,92,FileLock( ),129,142,74
1389,92,channel( ),149,151,11
1390,92,position( ),163,165,11
1391,92,size( ),176,178,11
1392,92,isShared( ),186,188,11
1393,92,overlaps( ),196,202,38
1394,92,toString( ),235,242,51
1395,93,FileLockInterruptionException( ),31,31,6
1396,95,IllegalBlockingModeException( ),30,30,6
1397,96,IllegalSelectorException( ),31,31,6
1398,98,NoConnectionPendingException( ),31,31,6
1399,99,NonReadableChannelException( ),30,30,6
1400,100,NonWritableChannelException( ),30,30,6
1401,101,NotYetBoundException( ),30,30,6
1402,102,NotYetConnectedException( ),30,30,6
1403,103,OverlappingFileLockException( ),32,32,6
1404,104,SourceChannel( ),50,52,13
1405,104,validOps( ),63,65,11
1406,104,SinkChannel( ),81,83,13
1407,104,validOps( ),94,96,11
1408,104,Pipe( ),103,103,6
1409,104,open( ),132,134,19
1410,107,SelectableChannel( ),83,83,6
1411,107,register( ),251,255,25
1412,108,SelectionKey( ),97,97,6
1413,108,isReadable( ),270,272,19
1414,108,isWritable( ),293,295,19
1415,108,isConnectable( ),317,319,19
1416,108,isAcceptable( ),341,343,19
1417,108,attach( ),364,368,22
1418,108,attachment( ),376,378,11
1419,109,Selector( ),193,193,6
1420,109,open( ),208,210,19
1421,110,ServerSocketChannel( ),52,54,13
1422,110,open( ),74,76,19
1423,110,validOps( ),88,90,11
1424,111,SocketChannel( ),87,89,13
1425,111,open( ),104,106,19
1426,111,open( ),142,148,27
1427,111,validOps( ),161,165,17
1428,111,read( ),338,340,24
1429,111,write( ),359,361,24
1430,112,AbstractInterruptibleChannel( ),79,79,6
1431,112,close( ),92,99,31
1432,112,isOpen( ),119,121,11
1433,112,begin( ),137,155,86
1434,112,end( ),176,186,50
1435,112,blockedOn( ),193,206,78
1436,112,initBlockedOn( ),208,228,114
1437,112,implCloseChannel( ),234,234,7
1438,113,AbstractSelectableChannel( ),59,61,12
1439,113,provider( ),68,70,11
1440,113,addKey( ),75,97,139
1441,113,findKey( ),99,108,71
1442,113,removeKey( ),110,119,60
1443,113,haveValidKeys( ),121,131,64
1444,113,isRegistered( ),136,140,19
1445,113,keyFor( ),142,144,16
1446,113,register( ),162,185,126
1447,113,implCloseChannel( ),200,210,67
1448,113,isBlocking( ),230,234,17
1449,113,blockingLock( ),236,238,11
1450,113,configureBlocking( ),248,262,66
1451,114,AbstractSelectionKey( ),31,31,6
1452,114,isValid( ),35,37,11
1453,114,invalidate( ),39,41,10
1454,114,cancel( ),49,54,32
1455,115,AbstractSelector( ),64,66,12
1456,115,cancel( ),70,74,19
1457,115,close( ),87,92,29
1458,115,isOpen( ),112,114,13
1459,115,provider( ),121,123,11
1460,115,cancelledKeys( ),132,134,14
1461,115,deregister( ),167,169,24
1462,115,begin( ),189,199,55
1463,115,end( ),209,211,13
1464,116,SelectorProvider( ),66,70,28
1465,116,loadProviderFromProperty( ),72,90,110
1466,116,loadProviderAsService( ),92,109,74
1467,116,provider( ),146,162,73
1468,116,inheritedChannel( ),262,264,12
1469,117,UnresolvedAddressException( ),30,30,6
1470,118,UnsupportedAddressTypeException( ),30,30,6
1471,120,CharacterCodingException( ),30,30,6
1472,121,atBugLevel( ),248,259,68
1473,121,checkName( ),270,287,139
1474,121,cache( ),297,300,25
1475,121,providers( ),306,348,159
1476,121,lookupViaProviders( ),353,388,117
1477,121,probeExtendedProvider( ),395,413,83
1478,121,lookupExtendedCharset( ),415,425,54
1479,121,lookup( ),427,445,129
1480,121,isSupported( ),460,462,20
1481,121,forName( ),480,485,34
1482,121,put( ),490,496,50
1483,121,availableCharsets( ),524,537,95
1484,121,defaultCharset( ),552,565,68
1485,121,Charset( ),587,594,67
1486,121,name( ),601,603,11
1487,121,aliases( ),610,619,66
1488,121,displayName( ),630,632,10
1489,121,isRegistered( ),642,644,21
1490,121,displayName( ),658,660,12
1491,121,canEncode( ),719,721,10
1492,121,decode( ),748,757,48
1493,121,encode( ),784,793,48
1494,121,encode( ),808,810,19
1495,121,compareTo( ),824,826,24
1496,121,hashCode( ),833,835,17
1497,121,equals( ),846,852,46
1498,121,toString( ),859,861,13
1499,122,CharsetDecoder( ),164,187,95
1500,122,CharsetDecoder( ),205,212,25
1501,122,charset( ),219,221,11
1502,122,replacement( ),229,231,11
1503,122,replaceWith( ),258,273,68
1504,122,implReplaceWith( ),284,285,9
1505,122,malformedInputAction( ),332,334,10
1506,122,onMalformedInput( ),349,355,35
1507,122,implOnMalformedInput( ),364,364,9
1508,122,unmappableCharacterAction( ),373,375,10
1509,122,onUnmappableCharacter( ),390,398,35
1510,122,implOnUnmappableCharacter( ),407,407,9
1511,122,averageCharsPerByte( ),417,419,11
1512,122,maxCharsPerByte( ),429,431,11
1513,122,decode( ),529,588,254
1514,122,flush( ),626,631,33
1515,122,implFlush( ),647,649,12
1516,122,reset( ),661,665,19
1517,122,implReset( ),673,673,7
1518,122,decode( ),744,773,138
1519,122,isAutoDetecting( ),787,789,10
1520,122,isCharsetDetected( ),817,819,13
1521,122,detectedCharset( ),845,847,13
1522,122,throwIllegalStateException( ),938,941,31
1523,123,CharsetEncoder( ),164,187,97
1524,123,CharsetEncoder( ),205,212,30
1525,123,charset( ),219,221,11
1526,123,replacement( ),229,231,13
1527,123,replaceWith( ),258,273,83
1528,123,implReplaceWith( ),284,285,11
1529,123,isLegalReplacement( ),307,323,126
1530,123,malformedInputAction( ),332,334,10
1531,123,onMalformedInput( ),349,355,35
1532,123,implOnMalformedInput( ),364,364,9
1533,123,unmappableCharacterAction( ),373,375,10
1534,123,onUnmappableCharacter( ),390,398,35
1535,123,implOnUnmappableCharacter( ),407,407,9
1536,123,averageBytesPerChar( ),417,419,11
1537,123,maxBytesPerChar( ),429,431,11
1538,123,encode( ),529,588,252
1539,123,flush( ),626,631,33
1540,123,implFlush( ),647,649,12
1541,123,reset( ),661,665,19
1542,123,implReset( ),673,673,7
1543,123,encode( ),744,773,138
1544,123,canEncode( ),853,872,95
1545,123,canEncode( ),897,902,32
1546,123,canEncode( ),926,933,47
1547,123,throwIllegalStateException( ),938,941,31
1548,124,CoderMalfunctionError( ),31,33,13
1549,125,CoderResult( ),82,85,19
1550,125,toString( ),92,95,30
1551,125,isUnderflow( ),102,104,14
1552,125,isOverflow( ),111,113,14
1553,125,isError( ),121,123,14
1554,125,isMalformed( ),132,134,14
1555,125,isUnmappable( ),143,145,14
1556,125,length( ),157,161,23
1557,125,get( ),184,200,112
1558,125,Cache( ),204,208,29
1559,125,malformedForLength( ),216,218,16
1560,125,Cache( ),220,224,29
1561,125,unmappableForLength( ),232,234,16
1562,125,throwException( ),254,265,58
1563,126,CodingErrorAction( ),30,32,12
1564,126,toString( ),63,65,10
1565,127,IllegalCharsetNameException( ),35,38,20
1566,127,getCharsetName( ),45,47,10
1567,128,MalformedInputException( ),25,27,12
1568,128,getInputLength( ),29,31,10
1569,128,getMessage( ),33,35,12
1570,129,CharsetProvider( ),64,68,28
1571,130,UnmappableCharacterException( ),25,27,12
1572,130,getInputLength( ),29,31,10
1573,130,getMessage( ),33,35,12
1574,131,UnsupportedCharsetException( ),35,38,20
1575,131,getCharsetName( ),45,47,10
